TITLE = "AFW_annulus_16_02"
VARIABLES = "X" "Y" "U" "V" "Abs V" "Uz" "Vz" "Uperp" "Vperp" "Hx" "Hy"
ZONE ZONETYPE=ORDERED, I=17, J=17, DATAPACKING=POINT
     0.70710678	     0.70710678	    -0.00328601	     0.00328601	     0.00464711	     0.02323050	     0.02980251	    -0.02651650	    -0.02651650	     0.70710678	    -0.70710678
     0.63439328	     0.77301045	     0.00394808	    -0.00324010	     0.00510740	     0.02728071	     0.02519080	    -0.02333263	    -0.02843090	     0.77301045	    -0.63439328
     0.55557023	     0.83146961	     0.01204555	    -0.00804858	     0.01448706	     0.03129355	     0.02075809	    -0.01924800	    -0.02880667	     0.83146961	    -0.55557023
     0.47139674	     0.88192126	     0.02040007	    -0.01090407	     0.02313140	     0.03509827	     0.01659434	    -0.01469820	    -0.02749840	     0.88192126	    -0.47139674
     0.38268343	     0.92387953	     0.02837070	    -0.01175153	     0.03070823	     0.03851813	     0.01274653	    -0.01014743	    -0.02449806	     0.92387953	    -0.38268343
     0.29028468	     0.95694034	     0.03533633	    -0.01071916	     0.03692637	     0.04138409	     0.00921763	    -0.00604776	    -0.01993678	     0.95694034	    -0.29028468
     0.19509032	     0.98078528	     0.04074855	    -0.00810539	     0.04154686	     0.04354822	     0.00596949	    -0.00279967	    -0.01407489	     0.98078528	    -0.19509032
     0.09801714	     0.99518473	     0.04417839	    -0.00435119	     0.04439215	     0.04489547	     0.00292947	    -0.00071708	    -0.00728066	     0.99518473	    -0.09801714
     0.00000000	     1.00000000	     0.04535289	    -0.00000000	     0.04535289	     0.04535289	     0.00000000	     0.00000000	    -0.00000000	     1.00000000	    -0.00000000
    -0.09801714	     0.99518473	     0.04417839	     0.00435119	     0.04439215	     0.04489547	    -0.00292947	    -0.00071708	     0.00728066	     0.99518473	     0.09801714
    -0.19509032	     0.98078528	     0.04074855	     0.00810539	     0.04154686	     0.04354822	    -0.00596949	    -0.00279967	     0.01407489	     0.98078528	     0.19509032
    -0.29028468	     0.95694034	     0.03533633	     0.01071916	     0.03692637	     0.04138409	    -0.00921763	    -0.00604776	     0.01993678	     0.95694034	     0.29028468
    -0.38268343	     0.92387953	     0.02837070	     0.01175153	     0.03070823	     0.03851813	    -0.01274653	    -0.01014743	     0.02449806	     0.92387953	     0.38268343
    -0.47139674	     0.88192126	     0.02040007	     0.01090407	     0.02313140	     0.03509827	    -0.01659434	    -0.01469820	     0.02749840	     0.88192126	     0.47139674
    -0.55557023	     0.83146961	     0.01204555	     0.00804858	     0.01448706	     0.03129355	    -0.02075809	    -0.01924800	     0.02880667	     0.83146961	     0.55557023
    -0.63439328	     0.77301045	     0.00394808	     0.00324010	     0.00510740	     0.02728071	    -0.02519080	    -0.02333263	     0.02843090	     0.77301045	     0.63439328
    -0.70710678	     0.70710678	    -0.00328601	    -0.00328601	     0.00464711	     0.02323050	    -0.02980251	    -0.02651650	     0.02651650	     0.70710678	     0.70710678
     0.68500969	     0.68500969	    -0.00018920	     0.00644025	     0.00644303	     0.02179340	     0.02842285	    -0.02198261	    -0.02198261	     0.72991668	    -0.72991668
     0.61456849	     0.74885388	     0.00688822	    -0.00004478	     0.00688836	     0.02589805	     0.02379842	    -0.01900983	    -0.02384320	     0.79794627	    -0.65485758
     0.53820866	     0.80548619	     0.01474748	    -0.00494254	     0.01555368	     0.03000116	     0.01940853	    -0.01525367	    -0.02435106	     0.85829121	    -0.57349185
     0.45666559	     0.85436122	     0.02281574	    -0.00802798	     0.02418691	     0.03391792	     0.01534744	    -0.01110217	    -0.02337542	     0.91037034	    -0.48660308
     0.37072458	     0.89500830	     0.03048792	    -0.00924547	     0.03185894	     0.03745649	     0.01166185	    -0.00696858	    -0.02090732	     0.95368210	    -0.39502806
     0.28121328	     0.92703595	     0.03717792	    -0.00871159	     0.03818494	     0.04043312	     0.00834975	    -0.00325520	    -0.01706134	     0.98780938	    -0.29964870
     0.18899375	     0.95013574	     0.04236841	    -0.00670294	     0.04289536	     0.04268677	     0.00536371	    -0.00031836	    -0.01206665	     1.01242352	    -0.20138356
     0.09495410	     0.96408520	     0.04565481	    -0.00363010	     0.04579891	     0.04409211	     0.00261814	     0.00156270	    -0.00624825	     1.02728746	    -0.10117898
     0.00000000	     0.96875000	     0.04677972	    -0.00000000	     0.04677972	     0.04456964	     0.00000000	     0.00221008	    -0.00000000	     1.03225806	    -0.00000000
    -0.09495410	     0.96408520	     0.04565481	     0.00363010	     0.04579891	     0.04409211	    -0.00261814	     0.00156270	     0.00624825	     1.02728746	     0.10117898
    -0.18899375	     0.95013574	     0.04236841	     0.00670294	     0.04289536	     0.04268677	    -0.00536371	    -0.00031836	     0.01206665	     1.01242352	     0.20138356
    -0.28121328	     0.92703595	     0.03717792	     0.00871159	     0.03818494	     0.04043312	    -0.00834975	    -0.00325520	     0.01706134	     0.98780938	     0.29964870
    -0.37072458	     0.89500830	     0.03048792	     0.00924547	     0.03185894	     0.03745649	    -0.01166185	    -0.00696858	     0.02090732	     0.95368210	     0.39502806
    -0.45666559	     0.85436122	     0.02281574	     0.00802798	     0.02418691	     0.03391792	    -0.01534744	    -0.01110217	     0.02337542	     0.91037034	     0.48660308
    -0.53820866	     0.80548619	     0.01474748	     0.00494254	     0.01555368	     0.03000116	    -0.01940853	    -0.01525367	     0.02435106	     0.85829121	     0.57349185
    -0.61456849	     0.74885388	     0.00688822	     0.00004478	     0.00688836	     0.02589805	    -0.02379842	    -0.01900983	     0.02384320	     0.79794627	     0.65485758
    -0.68500969	     0.68500969	    -0.00018920	    -0.00644025	     0.00644303	     0.02179340	    -0.02842285	    -0.02198261	     0.02198261	     0.72991668	     0.72991668
     0.66291261	     0.66291261	     0.00267212	     0.00907987	     0.00946490	     0.02043501	     0.02684277	    -0.01776290	    -0.01776290	     0.75424723	    -0.75424723
     0.59474370	     0.72469730	     0.00962390	     0.00264537	     0.00998086	     0.02462739	     0.02220492	    -0.01500349	    -0.01955955	     0.82454448	    -0.67668617
     0.52084709	     0.77950276	     0.01728429	    -0.00231552	     0.01743870	     0.02885609	     0.01786489	    -0.01157180	    -0.02018041	     0.88690092	    -0.59260825
     0.44193444	     0.82680119	     0.02510983	    -0.00558696	     0.02572387	     0.03292008	     0.01392185	    -0.00781024	    -0.01950881	     0.94071602	    -0.50282319
     0.35876572	     0.86613706	     0.03252694	    -0.00711297	     0.03329559	     0.03661015	     0.01042213	    -0.00408321	    -0.01753510	     0.98547150	    -0.40819566
     0.27214188	     0.89713156	     0.03898032	    -0.00700007	     0.03960386	     0.03972563	     0.00735805	    -0.00074532	    -0.01435812	     1.02073636	    -0.30963699
     0.18289718	     0.91948620	     0.04397994	    -0.00550579	     0.04432323	     0.04209047	     0.00467160	     0.00188947	    -0.01017738	     1.04617097	    -0.20809634
     0.09189107	     0.93298568	     0.04714268	    -0.00301412	     0.04723894	     0.04356755	     0.00226248	     0.00357514	    -0.00527661	     1.06153038	    -0.10455162
     0.00000000	     0.93750000	     0.04822480	    -0.00000000	     0.04822480	     0.04406984	     0.00000000	     0.00415495	    -0.00000000	     1.06666667	    -0.00000000
    -0.09189107	     0.93298568	     0.04714268	     0.00301412	     0.04723894	     0.04356755	    -0.00226248	     0.00357514	     0.00527661	     1.06153038	     0.10455162
    -0.18289718	     0.91948620	     0.04397994	     0.00550579	     0.04432323	     0.04209047	    -0.00467160	     0.00188947	     0.01017738	     1.04617097	     0.20809634
    -0.27214188	     0.89713156	     0.03898032	     0.00700007	     0.03960386	     0.03972563	    -0.00735805	    -0.00074532	     0.01435812	     1.02073636	     0.30963699
    -0.35876572	     0.86613706	     0.03252694	     0.00711297	     0.03329559	     0.03661015	    -0.01042213	    -0.00408321	     0.01753510	     0.98547150	     0.40819566
    -0.44193444	     0.82680119	     0.02510983	     0.00558696	     0.02572387	     0.03292008	    -0.01392185	    -0.00781024	     0.01950881	     0.94071602	     0.50282319
    -0.52084709	     0.77950276	     0.01728429	     0.00231552	     0.01743870	     0.02885609	    -0.01786489	    -0.01157180	     0.02018041	     0.88690092	     0.59260825
    -0.59474370	     0.72469730	     0.00962390	    -0.00264537	     0.00998086	     0.02462739	    -0.02220492	    -0.01500349	     0.01955955	     0.82454448	     0.67668617
    -0.66291261	     0.66291261	     0.00267212	    -0.00907987	     0.00946490	     0.02043501	    -0.02684277	    -0.01776290	     0.01776290	     0.75424723	     0.75424723
     0.64081552	     0.64081552	     0.00528867	     0.01122127	     0.01240512	     0.01913164	     0.02506424	    -0.01384297	    -0.01384297	     0.78025576	    -0.78025576
     0.57491891	     0.70054072	     0.01214691	     0.00484347	     0.01307695	     0.02344746	     0.02040828	    -0.01130055	    -0.01556481	     0.85297705	    -0.70002018
     0.50348552	     0.75351934	     0.01964913	    -0.00015735	     0.01964976	     0.02784025	     0.01612222	    -0.00819112	    -0.01627958	     0.91748371	    -0.61304302
     0.42720329	     0.79924115	     0.02727703	    -0.00357343	     0.02751011	     0.03209023	     0.01231085	    -0.00481319	    -0.01588429	     0.97315450	    -0.52016192
     0.34680686	     0.83726583	     0.03448402	    -0.00534864	     0.03489636	     0.03596820	     0.00902012	    -0.00148418	    -0.01436876	     1.01945328	    -0.42227137
     0.26307049	     0.86722718	     0.04074117	    -0.00558096	     0.04112165	     0.03925398	     0.00623593	     0.00148718	    -0.01181689	     1.05593416	    -0.32031413
     0.17680060	     0.88883666	     0.04558189	    -0.00451172	     0.04580463	     0.04175426	     0.00388818	     0.00382763	    -0.00839990	     1.08224583	    -0.21527208
     0.08882803	     0.90188616	     0.04864145	    -0.00250220	     0.04870576	     0.04331838	     0.00185982	     0.00532306	    -0.00436202	     1.09813487	    -0.10815684
     0.00000000	     0.90625000	     0.04968783	    -0.00000000	     0.04968783	     0.04385068	    -0.00000000	     0.00583714	     0.00000000	     1.10344828	    -0.00000000
    -0.08882803	     0.90188616	     0.04864145	     0.00250220	     0.04870576	     0.04331838	    -0.00185982	     0.00532306	     0.00436202	     1.09813487	     0.10815684
    -0.17680060	     0.88883666	     0.04558189	     0.00451172	     0.04580463	     0.04175426	    -0.00388818	     0.00382763	     0.00839990	     1.08224583	     0.21527208
    -0.26307049	     0.86722718	     0.04074117	     0.00558096	     0.04112165	     0.03925398	    -0.00623593	     0.00148718	     0.01181689	     1.05593416	     0.32031413
    -0.34680686	     0.83726583	     0.03448402	     0.00534864	     0.03489636	     0.03596820	    -0.00902012	    -0.00148418	     0.01436876	     1.01945328	     0.42227137
    -0.42720329	     0.79924115	     0.02727703	     0.00357343	     0.02751011	     0.03209023	    -0.01231085	    -0.00481319	     0.01588429	     0.97315450	     0.52016192
    -0.50348552	     0.75351934	     0.01964913	     0.00015735	     0.01964976	     0.02784025	    -0.01612222	    -0.00819112	     0.01627958	     0.91748371	     0.61304302
    -0.57491891	     0.70054072	     0.01214691	    -0.00484347	     0.01307695	     0.02344746	    -0.02040828	    -0.01130055	     0.01556481	     0.85297705	     0.70002018
    -0.64081552	     0.64081552	     0.00528867	    -0.01122127	     0.01240512	     0.01913164	    -0.02506424	    -0.01384297	     0.01384297	     0.78025576	     0.78025576
     0.61871843	     0.61871843	     0.00764911	     0.01287968	     0.01497982	     0.01785673	     0.02308731	    -0.01020762	    -0.01020762	     0.80812204	    -0.80812204
     0.55509412	     0.67638415	     0.01444748	     0.00656103	     0.01586747	     0.02233490	     0.01840388	    -0.00788742	    -0.01184286	     0.88344052	    -0.72502090
     0.48612395	     0.72753591	     0.02183420	     0.00154022	     0.02188846	     0.02693436	     0.01417256	    -0.00510016	    -0.01263234	     0.95025099	    -0.63493741
     0.41247214	     0.77168111	     0.02931172	    -0.00198181	     0.02937864	     0.03141364	     0.01050463	    -0.00210192	    -0.01248644	     1.00791002	    -0.53873913
     0.33484800	     0.80839459	     0.03635569	    -0.00394892	     0.03656953	     0.03552045	     0.00744570	     0.00083524	    -0.01139462	     1.05586232	    -0.43735249
     0.25399909	     0.83732279	     0.04245895	    -0.00445221	     0.04269174	     0.03901209	     0.00497434	     0.00344686	    -0.00942655	     1.09364610	    -0.33175392
     0.17070403	     0.85818712	     0.04717428	    -0.00371967	     0.04732070	     0.04167533	     0.00300670	     0.00549895	    -0.00672636	     1.12089746	    -0.22296037
     0.08576500	     0.87078664	     0.05015211	    -0.00209391	     0.05019580	     0.04334387	     0.00140655	     0.00680824	    -0.00350046	     1.13735397	    -0.11201959
     0.00000000	     0.87500000	     0.05117014	    -0.00000000	     0.05117014	     0.04391212	    -0.00000000	     0.00725802	     0.00000000	     1.14285714	    -0.00000000
    -0.08576500	     0.87078664	     0.05015211	     0.00209391	     0.05019580	     0.04334387	    -0.00140655	     0.00680824	     0.00350046	     1.13735397	     0.11201959
    -0.17070403	     0.85818712	     0.04717428	     0.00371967	     0.04732070	     0.04167533	    -0.00300670	     0.00549895	     0.00672636	     1.12089746	     0.22296037
    -0.25399909	     0.83732279	     0.04245895	     0.00445221	     0.04269174	     0.03901209	    -0.00497434	     0.00344686	     0.00942655	     1.09364610	     0.33175392
    -0.33484800	     0.80839459	     0.03635569	     0.00394892	     0.03656953	     0.03552045	    -0.00744570	     0.00083524	     0.01139462	     1.05586232	     0.43735249
    -0.41247214	     0.77168111	     0.02931172	     0.00198181	     0.02937864	     0.03141364	    -0.01050463	    -0.00210192	     0.01248644	     1.00791002	     0.53873913
    -0.48612395	     0.72753591	     0.02183420	    -0.00154022	     0.02188846	     0.02693436	    -0.01417256	    -0.00510016	     0.01263234	     0.95025099	     0.63493741
    -0.55509412	     0.67638415	     0.01444748	    -0.00656103	     0.01586747	     0.02233490	    -0.01840388	    -0.00788742	     0.01184286	     0.88344052	     0.72502090
    -0.61871843	     0.61871843	     0.00764911	    -0.01287968	     0.01497982	     0.01785673	    -0.02308731	    -0.01020762	     0.01020762	     0.80812204	     0.80812204
     0.59662135	     0.59662135	     0.00973955	     0.01406881	     0.01711112	     0.01658017	     0.02090943	    -0.00684061	    -0.00684061	     0.83805248	    -0.83805248
     0.53526933	     0.65222757	     0.01651390	     0.00780748	     0.01826652	     0.02126373	     0.01618375	    -0.00474983	    -0.00837627	     0.91616054	    -0.75187352
     0.46876238	     0.70155249	     0.02383054	     0.00278305	     0.02399250	     0.02611769	     0.01200410	    -0.00228715	    -0.00922105	     0.98544547	    -0.65845361
     0.39774100	     0.74412107	     0.03120793	    -0.00080900	     0.03121841	     0.03087538	     0.00848942	     0.00033255	    -0.00929842	     1.04524002	    -0.55869243
     0.32288915	     0.77952336	     0.03813894	    -0.00291267	     0.03824999	     0.03525771	     0.00568500	     0.00288123	    -0.00859767	     1.09496833	    -0.45355073
     0.24492770	     0.80741841	     0.04413330	    -0.00361377	     0.04428101	     0.03899593	     0.00356111	     0.00513737	    -0.00717488	     1.13415151	    -0.34404110
     0.16460746	     0.82753758	     0.04875882	    -0.00313002	     0.04885918	     0.04185371	     0.00201813	     0.00690511	    -0.00514815	     1.16241218	    -0.23121816
     0.08270196	     0.83968711	     0.05167773	    -0.00178956	     0.05170871	     0.04364669	     0.00089788	     0.00803104	    -0.00268744	     1.17947819	    -0.11616846
     0.00000000	     0.84375000	     0.05267526	    -0.00000000	     0.05267526	     0.04425773	    -0.00000000	     0.00841753	     0.00000000	     1.18518519	    -0.00000000
    -0.08270196	     0.83968711	     0.05167773	     0.00178956	     0.05170871	     0.04364669	    -0.00089788	     0.00803104	     0.00268744	     1.17947819	     0.11616846
    -0.16460746	     0.82753758	     0.04875882	     0.00313002	     0.04885918	     0.04185371	    -0.00201813	     0.00690511	     0.00514815	     1.16241218	     0.23121816
    -0.24492770	     0.80741841	     0.04413330	     0.00361377	     0.04428101	     0.03899593	    -0.00356111	     0.00513737	     0.00717488	     1.13415151	     0.34404110
    -0.32288915	     0.77952336	     0.03813894	     0.00291267	     0.03824999	     0.03525771	    -0.00568500	     0.00288123	     0.00859767	     1.09496833	     0.45355073
    -0.39774100	     0.74412107	     0.03120793	     0.00080900	     0.03121841	     0.03087538	    -0.00848942	     0.00033255	     0.00929842	     1.04524002	     0.55869243
    -0.46876238	     0.70155249	     0.02383054	    -0.00278305	     0.02399250	     0.02611769	    -0.01200410	    -0.00228715	     0.00922105	     0.98544547	     0.65845361
    -0.53526933	     0.65222757	     0.01651390	    -0.00780748	     0.01826652	     0.02126373	    -0.01618375	    -0.00474983	     0.00837627	     0.91616054	     0.75187352
    -0.59662135	     0.59662135	     0.00973955	    -0.01406881	     0.01711112	     0.01658017	    -0.02090943	    -0.00684061	     0.00684061	     0.83805248	     0.83805248
     0.57452426	     0.57452426	     0.01154293	     0.01480034	     0.01876937	     0.01526735	     0.01852475	    -0.00372442	    -0.00372442	     0.87028527	    -0.87028527
     0.51544454	     0.62807099	     0.01833213	     0.00858954	     0.02024468	     0.02020477	     0.01373555	    -0.00187264	    -0.00514601	     0.95139748	    -0.78079173
     0.45140081	     0.67556906	     0.02562779	     0.00357383	     0.02587577	     0.02536775	     0.00960009	     0.00026003	    -0.00602626	     1.02334722	    -0.68377875
     0.38300985	     0.71656103	     0.03295930	    -0.00005523	     0.03295935	     0.03046031	     0.00624632	     0.00249899	    -0.00630155	     1.08544156	    -0.58018060
     0.31093029	     0.75065212	     0.03983138	    -0.00224183	     0.03989442	     0.03517215	     0.00371937	     0.00465923	    -0.00596119	     1.13708250	    -0.47099499
     0.23585630	     0.77751402	     0.04576539	    -0.00306822	     0.04586813	     0.03920420	     0.00198002	     0.00656120	    -0.00504825	     1.17777272	    -0.35727345
     0.15851089	     0.79688804	     0.05033948	    -0.00274506	     0.05041427	     0.04229327	     0.00091056	     0.00804621	    -0.00365562	     1.20712035	    -0.24011117
     0.07963893	     0.80858759	     0.05322406	    -0.00159048	     0.05324782	     0.04423398	     0.00032750	     0.00899008	    -0.00191798	     1.22484274	    -0.12063648
     0.00000000	     0.81250000	     0.05420955	    -0.00000000	     0.05420955	     0.04489580	    -0.00000000	     0.00931375	     0.00000000	     1.23076923	    -0.00000000
    -0.07963893	     0.80858759	     0.05322406	     0.00159048	     0.05324782	     0.04423398	    -0.00032750	     0.00899008	     0.00191798	     1.22484274	     0.12063648
    -0.15851089	     0.79688804	     0.05033948	     0.00274506	     0.05041427	     0.04229327	    -0.00091056	     0.00804621	     0.00365562	     1.20712035	     0.24011117
    -0.23585630	     0.77751402	     0.04576539	     0.00306822	     0.04586813	     0.03920420	    -0.00198002	     0.00656120	     0.00504825	     1.17777272	     0.35727345
    -0.31093029	     0.75065212	     0.03983138	     0.00224183	     0.03989442	     0.03517215	    -0.00371937	     0.00465923	     0.00596119	     1.13708250	     0.47099499
    -0.38300985	     0.71656103	     0.03295930	     0.00005523	     0.03295935	     0.03046031	    -0.00624632	     0.00249899	     0.00630155	     1.08544156	     0.58018060
    -0.45140081	     0.67556906	     0.02562779	    -0.00357383	     0.02587577	     0.02536775	    -0.00960009	     0.00026003	     0.00602626	     1.02334722	     0.68377875
    -0.51544454	     0.62807099	     0.01833213	    -0.00858954	     0.02024468	     0.02020477	    -0.01373555	    -0.00187264	     0.00514601	     0.95139748	     0.78079173
    -0.57452426	     0.57452426	     0.01154293	    -0.01480034	     0.01876937	     0.01526735	    -0.01852475	    -0.00372442	     0.00372442	     0.87028527	     0.87028527
     0.55242717	     0.55242717	     0.01303813	     0.01508324	     0.01993733	     0.01387794	     0.01592306	    -0.00083981	    -0.00083981	     0.90509668	    -0.90509668
     0.49561975	     0.60391442	     0.01988511	     0.00891029	     0.02179016	     0.01912470	     0.01104125	     0.00076041	    -0.00213096	     0.98945338	    -0.81202340
     0.43403924	     0.64958563	     0.02721384	     0.00391111	     0.02749346	     0.02465988	     0.00693729	     0.00255396	    -0.00302618	     1.06428110	    -0.71112990
     0.36827870	     0.68900099	     0.03455913	     0.00027503	     0.03456022	     0.03015317	     0.00374980	     0.00440596	    -0.00347477	     1.12885922	    -0.60338782
     0.29897143	     0.72178088	     0.04143159	    -0.00194235	     0.04147710	     0.03525779	     0.00152393	     0.00617381	    -0.00346628	     1.18256580	    -0.48983479
     0.22678490	     0.74760964	     0.04735850	    -0.00282153	     0.04744247	     0.03963920	     0.00020962	     0.00771930	    -0.00303115	     1.22488363	    -0.37156439
     0.15241431	     0.76623850	     0.05192326	    -0.00256951	     0.05198680	     0.04300285	    -0.00033172	     0.00892042	    -0.00223779	     1.25540516	    -0.24971561
     0.07657589	     0.77748807	     0.05480046	    -0.00149927	     0.05482097	     0.04511876	    -0.00031288	     0.00968170	    -0.00118639	     1.27383645	    -0.12546194
     0.00000000	     0.78125000	     0.05578318	    -0.00000000	     0.05578318	     0.04584077	     0.00000000	     0.00994241	    -0.00000000	     1.28000000	    -0.00000000
    -0.07657589	     0.77748807	     0.05480046	     0.00149927	     0.05482097	     0.04511876	     0.00031288	     0.00968170	     0.00118639	     1.27383645	     0.12546194
    -0.15241431	     0.76623850	     0.05192326	     0.00256951	     0.05198680	     0.04300285	     0.00033172	     0.00892042	     0.00223779	     1.25540516	     0.24971561
    -0.22678490	     0.74760964	     0.04735850	     0.00282153	     0.04744247	     0.03963920	    -0.00020962	     0.00771930	     0.00303115	     1.22488363	     0.37156439
    -0.29897143	     0.72178088	     0.04143159	     0.00194235	     0.04147710	     0.03525779	    -0.00152393	     0.00617381	     0.00346628	     1.18256580	     0.48983479
    -0.36827870	     0.68900099	     0.03455913	    -0.00027503	     0.03456022	     0.03015317	    -0.00374980	     0.00440596	     0.00347477	     1.12885922	     0.60338782
    -0.43403924	     0.64958563	     0.02721384	    -0.00391111	     0.02749346	     0.02465988	    -0.00693729	     0.00255396	     0.00302618	     1.06428110	     0.71112990
    -0.49561975	     0.60391442	     0.01988511	    -0.00891029	     0.02179016	     0.01912470	    -0.01104125	     0.00076041	     0.00213096	     0.98945338	     0.81202340
    -0.55242717	     0.55242717	     0.01303813	    -0.01508324	     0.01993733	     0.01387794	    -0.01592306	    -0.00083981	     0.00083981	     0.90509668	     0.90509668
     0.53033009	     0.53033009	     0.01419885	     0.01492293	     0.02059857	     0.01236425	     0.01308832	     0.00183460	     0.00183460	     0.94280904	    -0.94280904
     0.47579496	     0.57975784	     0.02115201	     0.00876811	     0.02289732	     0.01798497	     0.00807534	     0.00316704	     0.00069277	     1.03068060	    -0.84585771
     0.41667767	     0.62360221	     0.02857449	     0.00378797	     0.02882447	     0.02396666	     0.00398395	     0.00460783	    -0.00019598	     1.10862615	    -0.74076031
     0.35354755	     0.66144095	     0.03600031	     0.00017163	     0.03600072	     0.02993860	     0.00096558	     0.00606170	    -0.00079395	     1.17589502	    -0.62852898
     0.28701257	     0.69290965	     0.04293948	    -0.00202552	     0.04298723	     0.03551116	    -0.00093437	     0.00742833	    -0.00109115	     1.23183938	    -0.51024458
     0.21771351	     0.71770525	     0.04891877	    -0.00288414	     0.04900371	     0.04030807	    -0.00177842	     0.00861070	    -0.00110573	     1.27592045	    -0.38704624
     0.14631774	     0.73558896	     0.05352121	    -0.00261135	     0.05358487	     0.04399792	    -0.00172938	     0.00952328	    -0.00088197	     1.30771371	    -0.26012043
     0.07351286	     0.74638855	     0.05642111	    -0.00152022	     0.05644159	     0.04632186	    -0.00103414	     0.01009925	    -0.00048607	     1.32691297	    -0.13068952
     0.00000000	     0.75000000	     0.05741142	    -0.00000000	     0.05741142	     0.04711532	     0.00000000	     0.01029610	    -0.00000000	     1.33333333	    -0.00000000
    -0.07351286	     0.74638855	     0.05642111	     0.00152022	     0.05644159	     0.04632186	     0.00103414	     0.01009925	     0.00048607	     1.32691297	     0.13068952
    -0.14631774	     0.73558896	     0.05352121	     0.00261135	     0.05358487	     0.04399792	     0.00172938	     0.00952328	     0.00088197	     1.30771371	     0.26012043
    -0.21771351	     0.71770525	     0.04891877	     0.00288414	     0.04900371	     0.04030807	     0.00177842	     0.00861070	     0.00110573	     1.27592045	     0.38704624
    -0.28701257	     0.69290965	     0.04293948	     0.00202552	     0.04298723	     0.03551116	     0.00093437	     0.00742833	     0.00109115	     1.23183938	     0.51024458
    -0.35354755	     0.66144095	     0.03600031	    -0.00017163	     0.03600072	     0.02993860	    -0.00096558	     0.00606170	     0.00079395	     1.17589502	     0.62852898
    -0.41667767	     0.62360221	     0.02857449	    -0.00378797	     0.02882447	     0.02396666	    -0.00398395	     0.00460783	     0.00019598	     1.10862615	     0.74076031
    -0.47579496	     0.57975784	     0.02115201	    -0.00876811	     0.02289732	     0.01798497	    -0.00807534	     0.00316704	    -0.00069277	     1.03068060	     0.84585771
    -0.53033009	     0.53033009	     0.01419885	    -0.01492293	     0.02059857	     0.01236425	    -0.01308832	     0.00183460	    -0.00183460	     0.94280904	     0.94280904
     0.50823300	     0.50823300	     0.01499209	     0.01431994	     0.02073218	     0.01066896	     0.00999680	     0.00432314	     0.00432314	     0.98380074	    -0.98380074
     0.45597017	     0.55560126	     0.02210713	     0.00815495	     0.02356328	     0.01674021	     0.00480231	     0.00536692	     0.00335264	     1.07549280	    -0.88263413
     0.39931610	     0.59761878	     0.02969279	     0.00319022	     0.02986368	     0.02325717	     0.00069704	     0.00643563	     0.00249318	     1.15682729	    -0.77296728
     0.33881640	     0.63388091	     0.03727538	    -0.00038308	     0.03727735	     0.02980132	    -0.00215219	     0.00747406	     0.00176912	     1.22702089	    -0.65585633
     0.27505372	     0.66403841	     0.04435686	    -0.00250966	     0.04442780	     0.03593227	    -0.00369941	     0.00842459	     0.00118975	     1.28539761	    -0.53242912
     0.20864211	     0.68780087	     0.05045627	    -0.00327243	     0.05056228	     0.04122448	    -0.00402151	     0.00923179	     0.00074907	     1.33139525	    -0.40387433
     0.14022117	     0.70493942	     0.05514987	    -0.00288282	     0.05522517	     0.04530290	    -0.00330964	     0.00984698	     0.00042682	     1.36457082	    -0.27143001
     0.07044982	     0.71528902	     0.05810671	    -0.00165986	     0.05813042	     0.04787451	    -0.00185060	     0.01023220	     0.00019074	     1.38460484	    -0.13637167
     0.00000000	     0.71875000	     0.05911638	    -0.00000000	     0.05911638	     0.04875301	     0.00000000	     0.01036337	    -0.00000000	     1.39130435	    -0.00000000
    -0.07044982	     0.71528902	     0.05810671	     0.00165986	     0.05813042	     0.04787451	     0.00185060	     0.01023220	    -0.00019074	     1.38460484	     0.13637167
    -0.14022117	     0.70493942	     0.05514987	     0.00288282	     0.05522517	     0.04530290	     0.00330964	     0.00984698	    -0.00042682	     1.36457082	     0.27143001
    -0.20864211	     0.68780087	     0.05045627	     0.00327243	     0.05056228	     0.04122448	     0.00402151	     0.00923179	    -0.00074907	     1.33139525	     0.40387433
    -0.27505372	     0.66403841	     0.04435686	     0.00250966	     0.04442780	     0.03593227	     0.00369941	     0.00842459	    -0.00118975	     1.28539761	     0.53242912
    -0.33881640	     0.63388091	     0.03727538	     0.00038308	     0.03727735	     0.02980132	     0.00215219	     0.00747406	    -0.00176912	     1.22702089	     0.65585633
    -0.39931610	     0.59761878	     0.02969279	    -0.00319022	     0.02986368	     0.02325717	    -0.00069704	     0.00643563	    -0.00249318	     1.15682729	     0.77296728
    -0.45597017	     0.55560126	     0.02210713	    -0.00815495	     0.02356328	     0.01674021	    -0.00480231	     0.00536692	    -0.00335264	     1.07549280	     0.88263413
    -0.50823300	     0.50823300	     0.01499209	    -0.01431994	     0.02073218	     0.01066896	    -0.00999680	     0.00432314	    -0.00432314	     0.98380074	     0.98380074
     0.48613591	     0.48613591	     0.01537604	     0.01326822	     0.02030931	     0.00872211	     0.00661429	     0.00665393	     0.00665393	     1.02851895	    -1.02851895
     0.43614538	     0.53144469	     0.02271841	     0.00705418	     0.02378839	     0.01533616	     0.00117325	     0.00738225	     0.00588093	     1.12437884	    -0.92275387
     0.38195454	     0.57163536	     0.03054841	     0.00209385	     0.03062009	     0.02249601	    -0.00298163	     0.00805240	     0.00507548	     1.20941035	    -0.80810216
     0.32408526	     0.60632087	     0.03837658	    -0.00141686	     0.03840273	     0.02972623	    -0.00566491	     0.00865035	     0.00424805	     1.28279457	    -0.68566798
     0.26309486	     0.63516718	     0.04568828	    -0.00342254	     0.04581629	     0.03652597	    -0.00682956	     0.00916231	     0.00340701	     1.34382477	    -0.55663045
     0.19957072	     0.65789648	     0.05198648	    -0.00401076	     0.05214097	     0.04241095	    -0.00656926	     0.00957553	     0.00255850	     1.39191322	    -0.42223226
     0.13412460	     0.67428988	     0.05683334	    -0.00340192	     0.05693506	     0.04695420	    -0.00510847	     0.00987914	     0.00170655	     1.42659677	    -0.28376774
     0.06738678	     0.68418950	     0.05988682	    -0.00192775	     0.05991784	     0.04982203	    -0.00278115	     0.01006479	     0.00085340	     1.44754142	    -0.14257039
     0.00000000	     0.68750000	     0.06092951	    -0.00000000	     0.06092951	     0.05080224	     0.00000000	     0.01012727	    -0.00000000	     1.45454545	    -0.00000000
    -0.06738678	     0.68418950	     0.05988682	     0.00192775	     0.05991784	     0.04982203	     0.00278115	     0.01006479	    -0.00085340	     1.44754142	     0.14257039
    -0.13412460	     0.67428988	     0.05683334	     0.00340192	     0.05693506	     0.04695420	     0.00510847	     0.00987914	    -0.00170655	     1.42659677	     0.28376774
    -0.19957072	     0.65789648	     0.05198648	     0.00401076	     0.05214097	     0.04241095	     0.00656926	     0.00957553	    -0.00255850	     1.39191322	     0.42223226
    -0.26309486	     0.63516718	     0.04568828	     0.00342254	     0.04581629	     0.03652597	     0.00682956	     0.00916231	    -0.00340701	     1.34382477	     0.55663045
    -0.32408526	     0.60632087	     0.03837658	     0.00141686	     0.03840273	     0.02972623	     0.00566491	     0.00865035	    -0.00424805	     1.28279457	     0.68566798
    -0.38195454	     0.57163536	     0.03054841	    -0.00209385	     0.03062009	     0.02249601	     0.00298163	     0.00805240	    -0.00507548	     1.20941035	     0.80810216
    -0.43614538	     0.53144469	     0.02271841	    -0.00705418	     0.02378839	     0.01533616	    -0.00117325	     0.00738225	    -0.00588093	     1.12437884	     0.92275387
    -0.48613591	     0.48613591	     0.01537604	    -0.01326822	     0.02030931	     0.00872211	    -0.00661429	     0.00665393	    -0.00665393	     1.02851895	     1.02851895
     0.46403883	     0.46403883	     0.01529716	     0.01175266	     0.01929062	     0.00643682	     0.00289232	     0.00886034	     0.00886034	     1.07749605	    -1.07749605
     0.41632059	     0.50728811	     0.02294542	     0.00543740	     0.02358087	     0.01370670	    -0.00287900	     0.00923872	     0.00831640	     1.17792069	    -0.96669453
     0.36459297	     0.54565193	     0.03111657	     0.00046147	     0.03112000	     0.02164194	    -0.00713083	     0.00947463	     0.00759230	     1.26700131	    -0.84658321
     0.30935411	     0.57876083	     0.03929592	    -0.00297120	     0.03940809	     0.02969875	    -0.00965499	     0.00959717	     0.00668380	     1.34388002	    -0.71831884
     0.25113600	     0.60629594	     0.04694215	    -0.00480482	     0.04718742	     0.03730376	    -0.01040283	     0.00963840	     0.00559801	     1.40781643	    -0.58313666
     0.19049932	     0.62799210	     0.05353242	    -0.00513427	     0.05377807	     0.04390220	    -0.00948775	     0.00963023	     0.00435348	     1.45819480	    -0.44233856
     0.12802802	     0.64364034	     0.05860606	    -0.00419444	     0.05875596	     0.04900477	    -0.00717375	     0.00960129	     0.00297931	     1.49452995	    -0.29728049
     0.06432375	     0.65308998	     0.06180320	    -0.00233752	     0.06184739	     0.05222897	    -0.00385093	     0.00957423	     0.00151341	     1.51647196	    -0.14935945
     0.00000000	     0.65625000	     0.06289507	    -0.00000000	     0.06289507	     0.05333152	     0.00000000	     0.00956355	    -0.00000000	     1.52380952	    -0.00000000
    -0.06432375	     0.65308998	     0.06180320	     0.00233752	     0.06184739	     0.05222897	     0.00385093	     0.00957423	    -0.00151341	     1.51647196	     0.14935945
    -0.12802802	     0.64364034	     0.05860606	     0.00419444	     0.05875596	     0.04900477	     0.00717375	     0.00960129	    -0.00297931	     1.49452995	     0.29728049
    -0.19049932	     0.62799210	     0.05353242	     0.00513427	     0.05377807	     0.04390220	     0.00948775	     0.00963023	    -0.00435348	     1.45819480	     0.44233856
    -0.25113600	     0.60629594	     0.04694215	     0.00480482	     0.04718742	     0.03730376	     0.01040283	     0.00963840	    -0.00559801	     1.40781643	     0.58313666
    -0.30935411	     0.57876083	     0.03929592	     0.00297120	     0.03940809	     0.02969875	     0.00965499	     0.00959717	    -0.00668380	     1.34388002	     0.71831884
    -0.36459297	     0.54565193	     0.03111657	    -0.00046147	     0.03112000	     0.02164194	     0.00713083	     0.00947463	    -0.00759230	     1.26700131	     0.84658321
    -0.41632059	     0.50728811	     0.02294542	    -0.00543740	     0.02358087	     0.01370670	     0.00287900	     0.00923872	    -0.00831640	     1.17792069	     0.96669453
    -0.46403883	     0.46403883	     0.01529716	    -0.01175266	     0.01929062	     0.00643682	    -0.00289232	     0.00886034	    -0.00886034	     1.07749605	     1.07749605
     0.44194174	     0.44194174	     0.01468611	     0.00974554	     0.01762547	     0.00370330	    -0.00123727	     0.01098280	     0.01098280	     1.13137085	    -1.13137085
     0.39649580	     0.48313153	     0.02273651	     0.00325991	     0.02296902	     0.01176977	    -0.00744675	     0.01096674	     0.01070666	     1.23681673	    -1.01502925
     0.34723140	     0.51966851	     0.03136670	    -0.00176274	     0.03141619	     0.02064593	    -0.01185762	     0.01072077	     0.01009488	     1.33035138	    -0.88891237
     0.29462296	     0.55120079	     0.04002539	    -0.00510652	     0.04034982	     0.02970527	    -0.01423380	     0.01032011	     0.00912728	     1.41107402	    -0.75423478
     0.23917715	     0.57742471	     0.04813252	    -0.00671483	     0.04859865	     0.03828661	    -0.01452422	     0.00984591	     0.00780939	     1.47820725	    -0.61229349
     0.18142792	     0.59808771	     0.05512768	    -0.00669301	     0.05553249	     0.04574989	    -0.01286571	     0.00937779	     0.00617270	     1.53110454	    -0.46445548
     0.12193145	     0.61299080	     0.06051697	    -0.00529690	     0.06074834	     0.05153035	    -0.00956965	     0.00898662	     0.00427275	     1.56925645	    -0.31214452
     0.06126071	     0.62199045	     0.06391457	    -0.00290839	     0.06398071	     0.05518644	    -0.00509356	     0.00872813	     0.00218517	     1.59229556	    -0.15682742
     0.00000000	     0.62500000	     0.06507515	    -0.00000000	     0.06507515	     0.05643726	     0.00000000	     0.00863789	    -0.00000000	     1.60000000	    -0.00000000
    -0.06126071	     0.62199045	     0.06391457	     0.00290839	     0.06398071	     0.05518644	     0.00509356	     0.00872813	    -0.00218517	     1.59229556	     0.15682742
    -0.12193145	     0.61299080	     0.06051697	     0.00529690	     0.06074834	     0.05153035	     0.00956965	     0.00898662	    -0.00427275	     1.56925645	     0.31214452
    -0.18142792	     0.59808771	     0.05512768	     0.00669301	     0.05553249	     0.04574989	     0.01286571	     0.00937779	    -0.00617270	     1.53110454	     0.46445548
    -0.23917715	     0.57742471	     0.04813252	     0.00671483	     0.04859865	     0.03828661	     0.01452422	     0.00984591	    -0.00780939	     1.47820725	     0.61229349
    -0.29462296	     0.55120079	     0.04002539	     0.00510652	     0.04034982	     0.02970527	     0.01423380	     0.01032011	    -0.00912728	     1.41107402	     0.75423478
    -0.34723140	     0.51966851	     0.03136670	     0.00176274	     0.03141619	     0.02064593	     0.01185762	     0.01072077	    -0.01009488	     1.33035138	     0.88891237
    -0.39649580	     0.48313153	     0.02273651	    -0.00325991	     0.02296902	     0.01176977	     0.00744675	     0.01096674	    -0.01070666	     1.23681673	     1.01502925
    -0.44194174	     0.44194174	     0.01468611	    -0.00974554	     0.01762547	     0.00370330	     0.00123727	     0.01098280	    -0.01098280	     1.13137085	     1.13137085
     0.41984465	     0.41984465	     0.01345188	     0.00720139	     0.01525821	     0.00038024	    -0.00587024	     0.01307163	     0.01307163	     1.19091668	    -1.19091668
     0.37667101	     0.45897496	     0.02202474	     0.00045420	     0.02202943	     0.00942144	    -0.01265743	     0.01260330	     0.01311163	     1.30191234	    -1.06845185
     0.32986983	     0.49368508	     0.03126047	    -0.00466041	     0.03160595	     0.01944850	    -0.01730854	     0.01181197	     0.01264813	     1.40036987	    -0.93569723
     0.27989181	     0.52364075	     0.04055725	    -0.00790968	     0.04132134	     0.02973382	    -0.01955300	     0.01082343	     0.01164332	     1.48534108	    -0.79393135
     0.22721829	     0.54855347	     0.04928151	    -0.00923560	     0.05013944	     0.03950892	    -0.01933630	     0.00977258	     0.01010070	     1.55600763	    -0.64451947
     0.17235653	     0.56818332	     0.05682085	    -0.00875774	     0.05749180	     0.04802955	    -0.01682339	     0.00879130	     0.00806564	     1.61168899	    -0.48890051
     0.11583488	     0.58234126	     0.06263547	    -0.00676075	     0.06299929	     0.05463877	    -0.01238301	     0.00799670	     0.00562227	     1.65184889	    -0.32857317
     0.05819768	     0.59089093	     0.06630357	    -0.00366743	     0.06640492	     0.05882284	    -0.00655455	     0.00748074	     0.00288712	     1.67610059	    -0.16508150
     0.00000000	     0.59375000	     0.06755694	    -0.00000000	     0.06755694	     0.06025490	     0.00000000	     0.00730203	    -0.00000000	     1.68421053	    -0.00000000
    -0.05819768	     0.59089093	     0.06630357	     0.00366743	     0.06640492	     0.05882284	     0.00655455	     0.00748074	    -0.00288712	     1.67610059	     0.16508150
    -0.11583488	     0.58234126	     0.06263547	     0.00676075	     0.06299929	     0.05463877	     0.01238301	     0.00799670	    -0.00562227	     1.65184889	     0.32857317
    -0.17235653	     0.56818332	     0.05682085	     0.00875774	     0.05749180	     0.04802955	     0.01682339	     0.00879130	    -0.00806564	     1.61168899	     0.48890051
    -0.22721829	     0.54855347	     0.04928151	     0.00923560	     0.05013944	     0.03950892	     0.01933630	     0.00977258	    -0.01010070	     1.55600763	     0.64451947
    -0.27989181	     0.52364075	     0.04055725	     0.00790968	     0.04132134	     0.02973382	     0.01955300	     0.01082343	    -0.01164332	     1.48534108	     0.79393135
    -0.32986983	     0.49368508	     0.03126047	     0.00466041	     0.03160595	     0.01944850	     0.01730854	     0.01181197	    -0.01264813	     1.40036987	     0.93569723
    -0.37667101	     0.45897496	     0.02202474	    -0.00045420	     0.02202943	     0.00942144	     0.01265743	     0.01260330	    -0.01311163	     1.30191234	     1.06845185
    -0.41984465	     0.41984465	     0.01345188	    -0.00720139	     0.01525821	     0.00038024	     0.00587024	     0.01307163	    -0.01307163	     1.19091668	     1.19091668
     0.39774756	     0.39774756	     0.01147322	     0.00404939	     0.01216685	    -0.00371781	    -0.01114165	     0.01519103	     0.01519103	     1.25707872	    -1.25707872
     0.35684622	     0.43481838	     0.02072199	    -0.00307972	     0.02094960	     0.00652733	    -0.01868826	     0.01419467	     0.01560854	     1.37424081	    -1.12781028
     0.31250826	     0.46770166	     0.03074902	    -0.00834980	     0.03186254	     0.01797579	    -0.02368604	     0.01277323	     0.01533624	     1.47816820	    -0.98768041
     0.26516066	     0.49608071	     0.04088459	    -0.01150503	     0.04247253	     0.02977515	    -0.02582129	     0.01110943	     0.01431626	     1.56786003	    -0.83803864
     0.21525943	     0.51968224	     0.05042310	    -0.01248516	     0.05194582	     0.04102449	    -0.02503478	     0.00939861	     0.01254962	     1.64245250	    -0.68032610
     0.16328513	     0.53827894	     0.05868221	    -0.01142864	     0.05978475	     0.05085084	    -0.02152561	     0.00783137	     0.01009696	     1.70122726	    -0.51606165
     0.10973831	     0.55169172	     0.06506027	    -0.00865861	     0.06563391	     0.05848347	    -0.01573280	     0.00657679	     0.00707419	     1.74361828	    -0.34682724
     0.05513464	     0.55979141	     0.06908704	    -0.00465278	     0.06924354	     0.06331953	    -0.00829621	     0.00576751	     0.00364343	     1.76921729	    -0.17425269
     0.00000000	     0.56250000	     0.07046349	    -0.00000000	     0.07046349	     0.06497542	     0.00000000	     0.00548807	    -0.00000000	     1.77777778	    -0.00000000
    -0.05513464	     0.55979141	     0.06908704	     0.00465278	     0.06924354	     0.06331953	     0.00829621	     0.00576751	    -0.00364343	     1.76921729	     0.17425269
    -0.10973831	     0.55169172	     0.06506027	     0.00865861	     0.06563391	     0.05848347	     0.01573280	     0.00657679	    -0.00707419	     1.74361828	     0.34682724
    -0.16328513	     0.53827894	     0.05868221	     0.01142864	     0.05978475	     0.05085084	     0.02152561	     0.00783137	    -0.01009696	     1.70122726	     0.51606165
    -0.21525943	     0.51968224	     0.05042310	     0.01248516	     0.05194582	     0.04102449	     0.02503478	     0.00939861	    -0.01254962	     1.64245250	     0.68032610
    -0.26516066	     0.49608071	     0.04088459	     0.01150503	     0.04247253	     0.02977515	     0.02582129	     0.01110943	    -0.01431626	     1.56786003	     0.83803864
    -0.31250826	     0.46770166	     0.03074902	     0.00834980	     0.03186254	     0.01797579	     0.02368604	     0.01277323	    -0.01533624	     1.47816820	     0.98768041
    -0.35684622	     0.43481838	     0.02072199	     0.00307972	     0.02094960	     0.00652733	     0.01868826	     0.01419467	    -0.01560854	     1.37424081	     1.12781028
    -0.39774756	     0.39774756	     0.01147322	    -0.00404939	     0.01216685	    -0.00371781	     0.01114165	     0.01519103	    -0.01519103	     1.25707872	     1.25707872
     0.37565048	     0.37565048	     0.00858594	     0.00018184	     0.00858787	    -0.00883922	    -0.01724332	     0.01742516	     0.01742516	     1.33102453	    -1.33102453
     0.33702143	     0.41066180	     0.01871020	    -0.00748890	     0.02015329	     0.00290982	    -0.02578843	     0.01580038	     0.01829953	     1.45507850	    -1.19415206
     0.29514669	     0.44171823	     0.02976891	    -0.01300215	     0.03248452	     0.01613386	    -0.03127322	     0.01363505	     0.01827106	     1.56511927	    -1.04577926
     0.25042952	     0.46852067	     0.04100224	    -0.01607106	     0.04403933	     0.02982456	    -0.03332963	     0.01117768	     0.01725856	     1.66008709	    -0.88733503
     0.20330057	     0.49081100	     0.05160892	    -0.01663203	     0.05422274	     0.04291551	    -0.03189195	     0.00869341	     0.01525992	     1.73906736	    -0.72034528
     0.15421373	     0.50837455	     0.06081370	    -0.01484825	     0.06260014	     0.05437299	    -0.02720139	     0.00644071	     0.01235314	     1.80129946	    -0.54641822
     0.10364173	     0.52104218	     0.06793276	    -0.01109364	     0.06883261	     0.06328409	    -0.01978414	     0.00464867	     0.00869050	     1.84618406	    -0.36722884
     0.05207161	     0.52869189	     0.07243152	    -0.00591852	     0.07267293	     0.06893462	    -0.01040495	     0.00349690	     0.00448644	     1.87328890	    -0.18450285
     0.00000000	     0.53125000	     0.07396999	    -0.00000000	     0.07396999	     0.07087011	    -0.00000000	     0.00309988	     0.00000000	     1.88235294	    -0.00000000
    -0.05207161	     0.52869189	     0.07243152	     0.00591852	     0.07267293	     0.06893462	     0.01040495	     0.00349690	    -0.00448644	     1.87328890	     0.18450285
    -0.10364173	     0.52104218	     0.06793276	     0.01109364	     0.06883261	     0.06328409	     0.01978414	     0.00464867	    -0.00869050	     1.84618406	     0.36722884
    -0.15421373	     0.50837455	     0.06081370	     0.01484825	     0.06260014	     0.05437299	     0.02720139	     0.00644071	    -0.01235314	     1.80129946	     0.54641822
    -0.20330057	     0.49081100	     0.05160892	     0.01663203	     0.05422274	     0.04291551	     0.03189195	     0.00869341	    -0.01525992	     1.73906736	     0.72034528
    -0.25042952	     0.46852067	     0.04100224	     0.01607106	     0.04403933	     0.02982456	     0.03332963	     0.01117768	    -0.01725856	     1.66008709	     0.88733503
    -0.29514669	     0.44171823	     0.02976891	     0.01300215	     0.03248452	     0.01613386	     0.03127322	     0.01363505	    -0.01827106	     1.56511927	     1.04577926
    -0.33702143	     0.41066180	     0.01871020	     0.00748890	     0.02015329	     0.00290982	     0.02578843	     0.01580038	    -0.01829953	     1.45507850	     1.19415206
    -0.37565048	     0.37565048	     0.00858594	    -0.00018184	     0.00858787	    -0.00883922	     0.01724332	     0.01742516	    -0.01742516	     1.33102453	     1.33102453
     0.35355339	     0.35355339	     0.00456351	    -0.00456351	     0.00645378	    -0.01532387	    -0.02445089	     0.01988738	     0.01988738	     1.41421356	    -1.41421356
     0.31719664	     0.38650523	     0.01582808	    -0.01298977	     0.02047589	    -0.00167140	    -0.03431294	     0.01749948	     0.02132317	     1.54602091	    -1.26878657
     0.27778512	     0.41573481	     0.02823600	    -0.01886669	     0.03395915	     0.01380000	    -0.04047169	     0.01443600	     0.02160500	     1.66293922	    -1.11114047
     0.23569837	     0.44096063	     0.04090826	    -0.02186592	     0.04638539	     0.02988461	    -0.04248972	     0.01102365	     0.02062380	     1.76384253	    -0.94279347
     0.19134172	     0.46193977	     0.05291712	    -0.02191899	     0.05727708	     0.04530655	    -0.04029253	     0.00761057	     0.01837354	     1.84775907	    -0.76536686
     0.14514234	     0.47847017	     0.06336443	    -0.01922139	     0.06621566	     0.05882861	    -0.03417398	     0.00453582	     0.01495259	     1.91388067	    -0.58056935
     0.09754516	     0.49039264	     0.07145768	    -0.01421382	     0.07285762	     0.06935793	    -0.02476998	     0.00209975	     0.01055616	     1.96157056	    -0.39018064
     0.04900857	     0.49759236	     0.07657720	    -0.00754220	     0.07694772	     0.07603938	    -0.01300269	     0.00053781	     0.00546049	     1.99036945	    -0.19603428
     0.00000000	     0.50000000	     0.07832878	    -0.00000000	     0.07832878	     0.07832878	    -0.00000000	     0.00000000	     0.00000000	     2.00000000	    -0.00000000
    -0.04900857	     0.49759236	     0.07657720	     0.00754220	     0.07694772	     0.07603938	     0.01300269	     0.00053781	    -0.00546049	     1.99036945	     0.19603428
    -0.09754516	     0.49039264	     0.07145768	     0.01421382	     0.07285762	     0.06935793	     0.02476998	     0.00209975	    -0.01055616	     1.96157056	     0.39018064
    -0.14514234	     0.47847017	     0.06336443	     0.01922139	     0.06621566	     0.05882861	     0.03417398	     0.00453582	    -0.01495259	     1.91388067	     0.58056935
    -0.19134172	     0.46193977	     0.05291712	     0.02191899	     0.05727708	     0.04530655	     0.04029253	     0.00761057	    -0.01837354	     1.84775907	     0.76536686
    -0.23569837	     0.44096063	     0.04090826	     0.02186592	     0.04638539	     0.02988461	     0.04248972	     0.01102365	    -0.02062380	     1.76384253	     0.94279347
    -0.27778512	     0.41573481	     0.02823600	     0.01886669	     0.03395915	     0.01380000	     0.04047169	     0.01443600	    -0.02160500	     1.66293922	     1.11114047
    -0.31719664	     0.38650523	     0.01582808	     0.01298977	     0.02047589	    -0.00167140	     0.03431294	     0.01749948	    -0.02132317	     1.54602091	     1.26878657
    -0.35355339	     0.35355339	     0.00456351	     0.00456351	     0.00645378	    -0.01532387	     0.02445089	     0.01988738	    -0.01988738	     1.41421356	     1.41421356

